Time elapsed to build random adjacency matrix with n = 9664 edges = 16150:
	0.012401 seconds

32 threads per block
303 block(s)

QV
-0.09597 -0.1477 0.004822 0.003791 -0.02479 -0.01361 -0.01253 -0.01493 0.02767 0.006427 -0.02423 -0.0311 0.05035 -0.007092 0.001452 0.02389 0.0009828 0.01397 0.1641 -0.04781 
4.703e-07 1.061e-05 0.0001067 0.0002144 -0.0006874 -0.00165 -0.002395 0.002801 -0.004879 -0.004554 0.03107 -0.01659 0.006946 -0.004066 0.0013 -0.001117 0.0007707 -9.266e-05 -3.342e-06 -5.335e-08 
-0.06838 -0.1077 0.01344 0.001741 0.03703 0.02653 -0.03032 0.09332 0.001247 -0.002086 0.003859 -0.01304 -0.04473 0.01854 0.006765 -0.01854 -0.002261 0.02062 0.1281 -0.03693 
0.01045 -0.004171 0.01031 -0.002731 -0.01419 0.02609 0.06596 0.02665 0.0178 0.001775 0.0003412 -0.0265 0.03162 -0.04087 -0.03624 -0.003356 0.002478 -0.009449 -0.0005327 -0.01111 
-0.0007703 0.0005164 -0.0001162 -0.001649 0.001344 -0.0007586 0.001094 -0.0007617 0.02254 -0.007565 0.06155 -0.005748 0.00386 -0.003561 0.0004579 -0.002992 -0.001956 -0.001122 -0.0002486 -0.001088 
-0.06167 -0.1014 0.01275 0.002641 0.02533 0.01234 -0.03172 -0.05256 0.01852 -0.009818 0.04852 0.01442 0.05532 -0.002453 0.008919 -0.01829 0.0004482 0.01826 0.1175 -0.03189 
7.636e-07 2.201e-05 0.0001698 0.0003616 -0.001135 -0.002816 -0.004289 0.009889 -0.008206 -0.001454 -0.001016 0.01501 -0.02856 -0.06705 0.005986 -0.004287 0.002442 -0.0003057 -1.322e-07 -7.278e-06 
-0.04468 0.02209 -0.004616 0.001796 -0.007979 -0.03352 0.07875 -0.01294 0.01638 0.002179 -0.01598 -0.01555 0.05277 -0.08972 -0.04207 -0.008971 -0.003467 -0.01258 -0.006027 -0.04699 
-0.1459 0.1096 0.1007 0.1515 0.05382 -0.0604 -0.005791 -0.0323 0.01162 -0.003722 0.01157 0.02931 -0.02283 0.1208 -0.1658 0.111 0.1557 0.1327 -0.08064 -0.1994 
-0.09331 -0.1576 0.01649 -0.001456 -0.0413 -0.001882 -0.0009328 -0.01891 0.006554 0.002159 -0.0003316 0.007396 0.02936 -0.007687 0.001333 0.04408 -0.007217 0.03019 0.1685 -0.04234 
-0.07989 -0.1399 0.02263 0.004176 -0.03278 0.0003888 0.01568 0.01563 -0.009805 -0.002695 0.007934 0.02091 -0.02266 -0.004881 -0.0009362 0.03256 -0.004809 0.03582 0.1499 -0.03579 
-0.04842 0.03606 0.0427 0.0461 0.00438 0.01981 0.005283 0.03658 -0.01765 -0.003576 0.01107 -0.005486 -0.02272 0.01517 -0.03205 0.02887 0.0365 0.04178 -0.0224 -0.05515 
-4.498e-08 -1.021e-06 -1.051e-05 -2.134e-05 7.123e-05 0.0001752 0.0002678 -0.0003468 0.0006793 0.01447 0.001586 0.0004965 -0.0003351 0.0002334 -8.255e-05 7.366e-05 -5.31e-05 6.475e-06 2.408e-07 3.901e-09 
-0.1827 0.1294 0.1306 0.1037 -0.06651 0.0119 0.03266 0.02661 -0.02648 -0.005804 0.0215 0.02852 -0.04352 -0.03785 0.1336 0.05164 0.06296 0.1331 -0.0843 -0.2253 
-0.0798 -0.1419 0.0176 0.005238 -0.03111 0.0007111 0.007072 -0.02055 -0.009987 -0.005424 0.03379 0.02902 0.02173 -0.008269 0.0007034 0.0333 -0.0008681 0.0322 0.1507 -0.03493 
-0.07038 -0.1218 0.01974 0.005802 -0.03227 0.001183 0.01578 -0.01878 -0.01327 -0.001654 0.00684 0.006262 0.019 -0.007234 0.001049 0.03245 -0.003166 0.03156 0.1293 -0.03151 
-0.02084 -0.0002559 -0.01152 -0.006136 0.02072 -0.0242 0.02414 0.01392 0.004631 -0.001327 -0.001326 -0.02083 0.007969 -0.05187 -0.02218 -0.003439 -0.007257 -0.01507 0.008699 -0.01674 
-0.02299 -0.03751 0.002127 -0.0002658 0.01093 -0.004029 -0.001019 -0.00531 -0.02168 0.006726 -0.017 -0.008594 -0.0008673 0.01023 -0.002741 -0.007242 -0.001722 0.004565 0.04224 -0.01128 
0.01168 -0.006888 -0.005539 0.003419 0.006743 0.04218 -0.01865 0.04386 0.07202 -0.0005193 0.002295 -0.02174 -0.02652 -0.02501 0.006604 -0.03089 -0.003913 0.001056 -0.005309 -0.02101 
-0.07377 -0.129 0.02036 0.002668 -0.02588 0.004211 0.01035 -0.008472 -0.03139 -0.0004095 0.0005808 0.01583 0.008695 0.00231 -0.0004174 0.03329 -0.005264 0.03205 0.1368 -0.03273 

QV
-0.09597 -0.1477 0.004822 0.003791 -0.02479 -0.01361 -0.01253 -0.01493 0.02767 0.006427 -0.02423 -0.0311 0.05035 -0.007092 0.001452 0.02389 0.0009828 0.01397 0.1641 -0.04781 
4.703e-07 1.061e-05 0.0001067 0.0002144 -0.0006874 -0.00165 -0.002395 0.002801 -0.004879 -0.004554 0.03107 -0.01659 0.006946 -0.004066 0.0013 -0.001117 0.0007707 -9.266e-05 -3.342e-06 -5.335e-08 
-0.06838 -0.1077 0.01344 0.001741 0.03703 0.02653 -0.03032 0.09332 0.001247 -0.002086 0.003859 -0.01304 -0.04473 0.01854 0.006765 -0.01854 -0.002261 0.02062 0.1281 -0.03693 
0.01045 -0.004171 0.01031 -0.002731 -0.01419 0.02609 0.06596 0.02665 0.0178 0.001775 0.0003412 -0.0265 0.03162 -0.04087 -0.03624 -0.003356 0.002478 -0.009449 -0.0005327 -0.01111 
-0.0007703 0.0005164 -0.0001162 -0.001649 0.001344 -0.0007586 0.001094 -0.0007617 0.02254 -0.007565 0.06155 -0.005748 0.00386 -0.003561 0.0004579 -0.002992 -0.001956 -0.001122 -0.0002486 -0.001088 
-0.06167 -0.1014 0.01275 0.002641 0.02533 0.01234 -0.03172 -0.05256 0.01852 -0.009818 0.04852 0.01442 0.05532 -0.002453 0.008919 -0.01829 0.0004482 0.01826 0.1175 -0.03189 
7.636e-07 2.201e-05 0.0001698 0.0003616 -0.001135 -0.002816 -0.004289 0.009889 -0.008206 -0.001454 -0.001016 0.01501 -0.02856 -0.06705 0.005986 -0.004287 0.002442 -0.0003057 -1.322e-07 -7.278e-06 
-0.04468 0.02209 -0.004616 0.001796 -0.007979 -0.03352 0.07875 -0.01294 0.01638 0.002179 -0.01598 -0.01555 0.05277 -0.08972 -0.04207 -0.008971 -0.003467 -0.01258 -0.006027 -0.04699 
-0.1459 0.1096 0.1007 0.1515 0.05382 -0.0604 -0.005791 -0.0323 0.01162 -0.003722 0.01157 0.02931 -0.02283 0.1208 -0.1658 0.111 0.1557 0.1327 -0.08064 -0.1994 
-0.09331 -0.1576 0.01649 -0.001456 -0.0413 -0.001882 -0.0009328 -0.01891 0.006554 0.002159 -0.0003316 0.007396 0.02936 -0.007687 0.001333 0.04408 -0.007217 0.03019 0.1685 -0.04234 
-0.07989 -0.1399 0.02263 0.004176 -0.03278 0.0003888 0.01568 0.01563 -0.009805 -0.002695 0.007934 0.02091 -0.02266 -0.004881 -0.0009362 0.03256 -0.004809 0.03582 0.1499 -0.03579 
-0.04842 0.03606 0.0427 0.0461 0.00438 0.01981 0.005283 0.03658 -0.01765 -0.003576 0.01107 -0.005486 -0.02272 0.01517 -0.03205 0.02887 0.0365 0.04178 -0.0224 -0.05515 
-4.498e-08 -1.021e-06 -1.051e-05 -2.134e-05 7.123e-05 0.0001752 0.0002678 -0.0003468 0.0006793 0.01447 0.001586 0.0004965 -0.0003351 0.0002334 -8.255e-05 7.366e-05 -5.31e-05 6.475e-06 2.408e-07 3.901e-09 
-0.1827 0.1294 0.1306 0.1037 -0.06651 0.0119 0.03266 0.02661 -0.02648 -0.005804 0.0215 0.02852 -0.04352 -0.03785 0.1336 0.05164 0.06296 0.1331 -0.0843 -0.2253 
-0.0798 -0.1419 0.0176 0.005238 -0.03111 0.0007111 0.007072 -0.02055 -0.009987 -0.005424 0.03379 0.02902 0.02173 -0.008269 0.0007034 0.0333 -0.0008681 0.0322 0.1507 -0.03493 
-0.07038 -0.1218 0.01974 0.005802 -0.03227 0.001183 0.01578 -0.01878 -0.01327 -0.001654 0.00684 0.006262 0.019 -0.007234 0.001049 0.03245 -0.003166 0.03156 0.1293 -0.03151 
-0.02084 -0.0002559 -0.01152 -0.006136 0.02072 -0.0242 0.02414 0.01392 0.004631 -0.001327 -0.001326 -0.02083 0.007969 -0.05187 -0.02218 -0.003439 -0.007257 -0.01507 0.008699 -0.01674 
-0.02299 -0.03751 0.002127 -0.0002658 0.01093 -0.004029 -0.001019 -0.00531 -0.02168 0.006726 -0.017 -0.008594 -0.0008673 0.01023 -0.002741 -0.007242 -0.001722 0.004565 0.04224 -0.01128 
0.01168 -0.006888 -0.005539 0.003419 0.006743 0.04218 -0.01865 0.04386 0.07202 -0.0005193 0.002295 -0.02174 -0.02652 -0.02501 0.006604 -0.03089 -0.003913 0.001056 -0.005309 -0.02101 
-0.07377 -0.129 0.02036 0.002668 -0.02588 0.004211 0.01035 -0.008472 -0.03139 -0.0004095 0.0005808 0.01583 0.008695 0.00231 -0.0004174 0.03329 -0.005264 0.03205 0.1368 -0.03273 
Speedup:     1.659

         Serial           CUDA
      9.249e+09      9.249e+09
          861.1          861.1
      7.147e+09      7.147e+09
      1.955e+09      1.955e+09
      1.906e+08      1.906e+08

Max difference of 4.863e+284 found at index
    serial_ans[1123] =     -62.51
      cuda_ans[1123] =      4.863e+284

Total norm of differences=                       inf
Relative norm of differences=                      -nan
