66.1547
9.16164
1358.93
-308.683
1152.4
-20.518
27.9927
78.7657
308.507
-202.283
-589.271
732.097
-264.246
-184.764
1572.17
744.362
-159.004
1446.4
1194.05
664.32
680.275
135.957
-344.564
-217.995
1704.11
-287.714
1004.4
-60.84
-262.779
918.08
336.639
40.1204
-262.393
473.141
506.247
256.118
954.845
2280.08
-281.093
-434.021
-1610.46
-510.786
1378.27
-238.776
3718.21
208.986
973.233
-218.374
-161.204
740.141
218.166
923.032
864.404
-334.224
1339.95
292.305
-342.961
-200.028
660.493
174.12
614.975
266.825
1359.17
900.752
113.638
-369.454
479.268
152.94
74.6211
814.37
-312.474
-207.606
-138.482
-208.521
-166.025
-303.087
205.427
-146.501
-244.824
661.37
176.054
-850.411
-192.89
148.649
73.1436
-382.608
665.461
-1362.4
-371.458
304.426
218.969
-177.546
939.854
60.3299
951.395
888.604
515.865
-441.983
1334.38
234.553
404.329
381.709
257.183
76.803
181.364
-150.219
113.121
1076.67
189.077
852.767
423.172
718.106
675.265
-232.821
-201.539
1008.33
220.161
727.98
-664.291
-196.531
396.746
972.796
676.27
1349.67
167.664
1114.22
247.981
715.598
24.0359
-96.0191
-1550.25
-314.175
-27.6258
-307.344
729.195
69.4269
135.553
1188.18
250.179
-160.883
16.4336
255.363
157.01
-93.1701
1728.25
-294.902
-324.038
272.7
-1217.83
-472.761
4598.42
445.463
-363.548
1937.35
-299.395
209.06
-39.012
-1364.91
577.411
98.4643
-210.49
-170.019
522.315
-615.619
313.283
-184.522
-765.683
-256.096
-289.464
-1570.99
-2.51728
-26.8821
-330.562
-186.04
-258.107
-452.819
-310.794
232.169
2204.83
508.653
665.699
1159.56
798.971
994.228
1522.03
-248.488
600.904
1378.46
571.488
275.057
-100.724
359.918
-29.1533
-348.017
115.659
-216.693
-156.894
376.821
-220.218
555.804
-439.471
-850.824
54.7755
1672.6
1273.43
1267.45
-599.416
-454.181
-93.8185
-206.765
1274.2
228.692
686.666
-157.237
846.027
1794.84
805.866
-336.834
-79.2823
412.147
-693.062
592.182
-76.8032
415.198
8251.63
-121.496
-205.721
162.395
-434.451
795.43
925.575
1033.23
-150.113
1259.81
113.692
-151.724
1136.03
-389.485
-43.3072
-50.1868
808.141
198.267
-295.625
-3035.78
764.405
-1368.15
854.221
-124.368
503.31
1336.85
-9.72966
500.576
159.993
325.683
-66.2612
-308.713
-206.499
-342.451
289.641
-294.141
-308.154
299.511
-1562.01
64.9846
301.745
-1576.36
397.447
388.275
1269.87
287.253
-506.167
2002.01
1253.23
157.542
-20.4458
-326.901
138.489
-109.642
416.034
1846.23
-291.317
-91.0912
-1565.26
200.23
-342.024
497.4
57.6137
371.808
322.793
-208.633
1170.72
253.725
-100.23
468.443
-162.972
955.591
795.017
1008.98
-153.113
590.364
701.271
249.596
-224.692
-117.18
-345.429
612.04
1881.41
1020.91
1009.12
-135.164
113.172
-193.661
-123.41
1440.48
243.167
-308.109
424.751
-185.082
-32.6676
-565.485
741.029
-320.316
273.328
739.977
-210.845
-195.322
-66.2496
1280.07
36.5425
729.558
18.5695
331.215
510.994
-176.182
396.856
-249.433
931.967
875.52
-30.0973
-866.882
-95.9277
-83.8514
455.916
-257.262
-43.3564
-460.486
278.621
1327.24
269.021
523.492
161.033
216.361
-98.1045
-289.391
354.593
-166.22
289.166
1381.98
1182.74
-222.591
-140.897
-162.234
-454.2
-314.728
949.361
1156.54
455.837
-190.14
-318.744
510.771
999.781
-313.024
-197.771
-4.59696
1420.39
854.789
3695.51
3399.62
968.841
388.472
-184.029
836.507
1422.53
-443.624
-117.331
570.566
-206.65
-224.457
963.297
79.4307
-197.42
790.578
781.115
841.28
347.904
253.642
-135.401
713.78
1928.31
-186.613
-225.723
122.084
564.3
503.59
398.29
-244.632
-333.169
-14.8844
555.506
630.134
376.026
-199.603
-355.978
119.765
-221.448
205.853
876.176
-281.509
600.212
-315.785
-204.542
-308.252
-381.548
54.7196
139.493
869.452
-131.13
-240.207
-119.082
-716.58
5.43362
66.1274
-365.417
-313.836
921.278
941.537
-179.725
725.953
-404.138
678.688
568.209
-51.6902
1356.59
2146.77
-138.031
-303.481
784.65
642.639
-361.913
-71.5505
-58.5271
-369.223
-3486.19
-57.3238
-262.926
-82.5243
-358.954
-357.046
357.635
-24.6565
-47.5196
789.583
21.6891
1322.09
697.422
-5.32329
-17.1046
1303.89
-404.144
547.918
83.1492
1140.25
509.013
-100.262
451.431
-15.166
1457.74
-28.8565
-278.49
274.693
199.841
-43.8654
64.4125
485.652
137.867
-223.506
1217.96
-77.4596
-7.47
1244.52
-242.432
640.14
292.927
287.089
774.952
1557.81
-29.6914
181.084
-372.647
1622.51
171.251
180.624
244.395
-29.5305
-243.845
-611.077
441.337
373.305
-446.673
1394.59
986.968
-351.501
1503.08
671.946
-39.7982
416.401
430.007
398.07
723.91
244.103
1619.32
398.834
-134.86
271.288
1087.87
528.969
741.547
-47.243
46.269
260.917
-138.573
108.562
72.294
615.922
246.47
-39.5737
2849.99
-30.8336
39.0946
181.705
492.184
55.1173
278.208
1212.15
-118.328
-366.623
342.077
1035.39
644.435
-350.774
297.151
-319.124
390.2
415.482
896.056
62.0125
25.8081
-50.2097
-201.942
-408.315
-589.835
1031.23
482.87
-17.1297
9.56457
-16.8369
500.166
652.35
407.992
421.004
-342.424
1266.98
462.308
18.839
-242.895
601.692
78.7131
212.817
0.871458
753.085
-80.1223
-685.868
-356.145
-224.563
624.518
147.731
368.811
-402.408
105.756
496.006
-210.034
-141.706
-480.614
985.628
1031.32
-215.548
-167.678
373.307
67.3651
-31.3469
69.6549
187.202
-229.481
-300.197
113.383
-192.781
1259.77
-51.2522
28.6516
120.392
-660.19
503.049
-317.785
150.308
629.48
535.572
-751.662
645.399
-416.329
138.694
-413.409
-333.608
-369.404
-402.655
244.001
703.137
-40.0689
296.096
587.973
-347.539
289.33
4506.01
-28.6379
579.017
70.663
-89.5881
883.296
-325.346
195.922
-16.589
-337.437
2000.26
-13.0184
636.642
2.91876
728.275
452.451
-1503.49
84.7355
-403.755
330.868
-370.842
168.538
162.368
997.462
523.266
1409.86
551.402
838.838
197.333
633.656
-289.408
-372.92
330.121
488.574
45.5116
653.115
-53.4898
505.438
-99.2745
8.49771
-859.278
109.066
537.817
53.4378
-44.9359
600.082
7.80546
329.659
1711.9
1349.29
461.439
29.6589
101.84
-415.821
327.713
-146.191
263.417
-114.666
-53.741
-47.275
1076.05
334.775
219.274
144.731
1020.34
-85.8505
-543.958
739.031
288.549
2559.92
1133.57
1301.73
-383.734
8.45027
-1872.96
-404.165
-218.795
-83.8806
31.862
-68.6896
512.273
885.906
456.77
435.082
-41.7664
-45.142
469.189
-203.546
-53.3853
-243.841
952.105
525.869
320.783
-205.609
521.809
-2.3133
145.942
8.11038
-340.711
-319.63
104.969
138.585
-741.256
-28.9043
322.501
829.175
1022.55
-458.131
550.422
299.787
1541.94
421.851
-319.163
1336.08
1326.39
3511.03
91.2835
63.0996
-89.4242
51.3916
81.8807
258.2
-279.733
295.493
655.473
-280.473
-148.112
1339.32
998.81
62.5095
2115.36
581.309
-384.602
552.935
-188.481
-419.356
293.77
278.703
253.959
-55.5053
455.803
2213.06
8.65508
927.038
152.27
1342.6
-76.9158
-1676.05
-13.6274
-311.651
862.231
589.113
-267.751
41.0507
-99.5525
1858.12
-473.88
454.138
842.687
-120.092
-421.25
-180.594
-376.293
-399.031
1773.74
686.006
167.138
-400.326
-403.618
205.372
126.014
-450.422
2488.52
70.2326
199.499
969.303
2148.93
25.3436
-334.818
-275.989
265.649
8.20042
2.02441
355.979
1173.33
54.1643
31.8892
-378.307
2850.56
-374.825
-26.4776
1070.48
-353.704
843.921
-179.242
20.6398
745.448
106.937
-120.928
224.731
-298.789
150.48
-63.763
293.955
-8.32527
876.882
368.929
68.919
-46.123
-100.386
579.966
-49.8013
1500.44
-95.6397
25.5649
92.062
246.671
12.4018
1037.75
414.215
28.9116
489.492
-5.6968
65.3064
392.69
25.4424
1626.07
-5.6968
30.9593
1026.18
-5.6968
0.683275
196.096
-5.6968
25.4424
-6.02374
-9.55614
41.9798
25.4424
25.4424
327.62
25.4424
9.1553
-5.6968
-5.6968
781.093
-5.6968
25.4424
1094.12
292.52
66.0807
291.512
-31.4399
-5.6968
1.85669
1852.31
46.6104
-31.0366
1.84554
-9.75779
163.08
69.8858
25.4424
440.412
0.568033
-13.0365
13.5908
66.81
37.0679
509.848
-5.6968
25.4424
-35.6904
237.094
25.4424
626.766
1037.75
-7.34676
487.152
-9.75779
-1.22037
133.971
25.4424
44.7189
223.664
141.22
25.4424
25.4424
170.798
1084.8
12.4018
44.7189
81.5602
71.7417
-5.6968
-5.6968
-5.6968
-5.6968
3664.08
-5.6968
25.4424
20.0173
97.958
25.4424
25.4424
57.9346
-3.97049
98.4667
72.6039
868.265
61.395
-4.24087
-7.44304
71.7417
-36.4105
-23.4033
-45.1464
1389.42
6.40075
370.448
107.755
144.129
277.325
683.173
43.6254
20.6036
153.825
-5.6968
954.381
165.466
-5.6968
-5.6968
25.4424
25.4424
1719.15
-7.05971
51.7672
32.1903
656.944
768.897
144.257
-40.7985
-31.2382
-0.587696
-31.4399
333.838
1034.25
-22.2819
-5.6968
358.516
-5.6968
1037.75
69.8858
-2.79708
115.176
1143.34
-5.6968
416.075
-5.6968
25.4424
335.567
141.33
25.4424
25.4424
25.4424
276.533
46.1462
25.4424
92.4445
532.012
25.4424
-13.0365
-5.6968
-31.4399
25.4424
539.49
171.753
25.4424
-80.4506
-11.3678
13.6096
237.094
-3.18822
18.3266
489.016
-4.90356
20.0173
-5.6968
120.183
31.2585
-28.0982
-9.74563
25.4424
25.4202
-21.6094
-7.34676
51.7573
-9.75779
-2.40594
275.145
-13.0365
186.737
26.003
-33.7634
25.4424
695.87
25.4424
9.96308
51.4116
-19.2205
25.4424
94.0566
930.49
137.852
416.186
180.966
-3.97049
211.548
23.7926
-9.75779
304.195
-9.75779
252.792
237.094
-28.9823
322.449
203.401
-27.205
-7.34676
-5.6968
-5.6968
10.7332
1585.23
768.474
40.7733
-5.6968
-9.75779
-9.75779
15.9798
410.557
-57.5619
118.529
301.854
269.515
143.629
414.215
1037.75
-5.6968
693.601
-3.33782
-7.05971
-5.6968
70.0809
170.798
199.381
77.9136
74.8045
144.129
229.619
165.35
112.114
17.008
-27.348
-4.58659
433.085
231.067
-7.2492
945.621
165.35
-9.75779
301.854
-5.6968
25.4424
614.252
-9.165
410.557
-5.6968
1037.75
273.351
6.67222
25.4424
84.2239
61.4093
-9.75779
-17.462
-55.0655
170.798
-15.9296
410.557
-33.3314
-47.3336
70.0809
672.064
144.129
1979.84
170.427
8.82402
-5.6968
25.4424
59.0437
25.4424
-5.6968
-5.6968
2.24783
142.927
118.821
1225.08
19.5642
32.1903
733.412
-5.6968
2.8794
492.112
751.408
890.277
48.4409
-15.0187
-6.22539
190.146
156.159
1037.75
-28.9823
-9.75779
209.282
44.1605
652.175
292.738
148.714
20.6036
-4.55112
-32.7906
142.927
25.4424
-5.6968
59.6975
298.061
144.129
82.5297
1015.71
416.287
2.93255
126.088
25.4424
148.714
-24.4725
-9.75779
-5.6968
45.6763
74.8045
126.715
-35.1097
-5.6968
7080.78
440.277
253.558
94.0566
40.9327
378.852
-52.1658
-51.3835
410.557
20.0173
17.0157
48.5761
92.0467
16.2158
683.484
-5.6968
-9.55614
273.351
-7.34676
134.189
433.691
190.146
11.9509
80.8654
-5.6968
-5.6968
35.2496
1037.75
128.829
246.21
-5.6968
-5.6968
-6.66857
25.4424
25.4424
25.4424
5672.5
-12.6244
-9.75779
-25.2371
-42.3685
144.129
0.493783
292.872
25.4424
72.256
1198.01
1037.75
25.4424
246.21
3457.89
37.0679
36.0618
4.36528
-5.6968
34.3256
25.4424
-6.66857
246.21
410.557
25.4424
0.113698
948.52
-3.57936
410.557
49.6021
251.314
-5.6968
-26.3839
359.163
1042.33
17.1931
-27.348
455.158
71.7417
132.588
273.351
-5.6968
7.41241
65.5668
-9.75779
25.4424
4.56692
94.0566
-8.38273
678.015
14.4529
114.237
214.518
376.669
308.158
25.4424
1.01675
-5.6968
188.5
-17.2471
-5.6968
11.9509
-31.4399
5.76807
-11.7069
25.4424
207.425
322.192
-5.6968
-18.179
-5.6968
122.799
31.2585
78.5839
23.6019
-25.7657
1037.75
472.325
-5.6968
310.706
25.4424
-5.6968
-15.5329
-18.179
-5.6968
948.52
-5.6968
91.0794
190.146
-6.22539
43.1333
25.4424
986.343
438.636
-18.179
1037.75
200.706
314.04
1037.75
55.6076
49.7916
676.449
527.205
-5.6968
25.4424
44.3577
180.966
37.0679
25.4424
-5.6968
1037.75
237.094
-5.6968
25.4424
1263.12
201.045
-5.6968
115.304
-32.21
-0.587696
230.562
25.4424
-31.4399
116.362
335.36
147.585
-38.7796
261.666
-9.165
240.593
489.492
-32.4116
-1.42202
134.787
39.8158
-66.7376
66.4376
25.4424
-5.6968
104.122
1334.58
404.807
414.215
403.645
4.94591
-32.4116
790.159
23.1554
-6.66857
-44.0195
160.551
17.2629
-5.42425
2.44947
1017.29
-15.5329
198.964
-30.6787
75.1269
-15.5329
-2.32283
1005.9
111.453
1124.67
97.1603
0.897076
-31.4399
101.837
-5.6968
840.18
70.0809
1278.33
429.729
269.396
-18.179
61.4093
31.2362
1891.33
48.5761
4.82947
169.618
477.017
831.849
103.329
25.4424
-5.6968
25.4424
25.4424
331.496
1579.53
-5.6968
-0.0591118
-0.587696
-5.6968
101.837
1037.75
2771.97
25.4424
-5.6968
340.72
-35.1097
25.4424
-5.6968
1037.75
111.255
982.259
132.855
-5.6968
-38.7796
-6.66857
200.153
29.951
-5.6968
686.969
-32.0205
25.4424
59.7717
269.906
-15.1994
1037.75
-35.7015
2.93255
69.8858
-5.6968
489.492
175.715
1234.48
1037.75
38.6658
255.291
25.4424
578.242
-1.66909
9.95092
120.183
43.357
1037.75
51.7672
233.738
190.146
9.47438
7.41241
930.49
332.692
25.4424
534.126
-5.6968
-4.85033
-31.4399
412.019
47.9478
232.925
-27.4232
-5.6968
25.4424
779.693
1037.75
39.8158
273.351
175.454
392.538
180.966
61.3108
-31.4399
25.4424
1517.45
69.8858
-5.6968
1037.75
261.666
-15.9296
482.434
923.187
400.364
-7.05971
75.8926
-12.0005
56.5107
949.306
-5.6968
1115.77
25.4424
25.4424
150.658
144.129
404.807
44.7189
-5.6968
-9.75779
489.492
-8.02705
25.4424
25.4424
204.519
1037.75
16.6402
-30.0981
25.4424
337.647
-5.6968
83.7009
3.98629
927.849
1008.21
-49.6693
-5.6968
53.0925
1037.75
365.107
12.598
232.925
-13.0365
69.8637
992.599
183.351
97.2952
111.16
1561.37
-0.49014
68.0554
522.622
25.4424
25.4424
92.5707
-5.6968
-5.6968
-5.8863
25.4424
19.2983
323.764
-6.85806
-7.34676
-5.6968
1238.14
41.2907
57.9346
295.193
25.4424
-37.3635
47.1113
-9.75779
-9.165
415.929
-5.6968
410.557
37.1322
875.094
-20.6809
273.351
201.514
90.0177
607.953
25.4424
25.4424
299.606
10.9869
118.821
69.8637
1037.75
410.557
-26.7573
25.4424
352.442
438.332
-32.6011
50.0176
-29.9086
-7.62929
131.828
224.535
4.16363
78.5541
1037.75
-5.6968
-5.6968
25.4424
802.639
25.4424
17.0157
28.3765
773.147
177.745
1044.03
-31.03
168.972
154.995
25.4424
-27.348
25.4424
25.4424
-5.6968
-27.5562
128.829
63.9745
229.206
81.2843
3.14424
-9.75779
171.566
15.9509
246.21
228.881
312.738
25.4424
243.313
25.4424
-5.6968
3044.58
-5.6968
1441.83
-9.75779
-5.6968
1281.59
47.5844
-5.6968
-28.528
-5.6968
139.157
25.4424
229.206
622.209
25.4424
113.693
25.4424
-4.70073
25.4424
82.7956
-5.04535
80.8654
56.4797
25.4424
587.664
-5.6968
-5.6968
288.575
47.7062
149.598
104.243
34.6868
80.8654
489.492
-32.6011
25.4424
129.421
1037.75
44.7189
-5.6968
182.875
295.193
4.2833
48.2348
25.4424
190.146
-5.6968
44.6148
-19.4033
103.424
65.8713
25.4424
103.424
25.4424
281.758
179.262
23.367
25.4424
82.44
314.198
1037.75
25.4424
-25.2371
-5.6968
-5.6968
-5.6968
25.4424
812.649
-7.64034
25.4424
-5.6968
25.4424
1604.76
1407.09
25.4424
194.464
38.0574
38.0574
-5.6968
25.4424
-51.7868
-13.0365
-13.0365
-13.0365
25.4424
50.8752
50.8752
50.8752
878.401
499.95
297.526
254.913
25.4424
391.916
414.215
414.215
498.172
424.063
68.0554
56.6934
3.31153
3.31153
160.281
1505.46
9.13872
521.075
388.96
148.337
148.337
148.337
136.66
170.798
265.895
280.143
10.4739
25.4424
165.35
25.4424
68.871
30.9338
242.126
14.7764
154.238
169.154
640.1
109.553
109.553
85.4139
109.475
1.01675
1.01675
104.416
104.416
244.531
-6.02374
-6.02374
43.1666
-49.6693
-9.55614
-9.55614
13.1442
25.4424
324.031
32.8685
301.854
301.854
-21.3379
-5.6968
-5.6968
25.4424
84.5032
84.5032
25.4424
25.4424
1077.56
25.9078
25.4424
-12.4536
3.91647
3.91647
3.91647
3.91647
25.4424
2312.3
964.047
620.583
328.328
413.256
784.763
340.559
340.559
340.559
340.559
25.4424
25.4424
25.4424
25.4424
2.67886
25.4424
25.4424
25.4424
42.1251
-5.21926
5.61847
38.4663
-38.486
25.4424
25.4424
-58.5115
-9.3545
-9.3545
2.37412
4.94591
-5.6968
116.942
54.0343
49.6021
113.546
264.049
1389.27
135.966
135.966
-17.2471
-17.2471
-17.2471
-17.2471
161.638
185.777
185.777
185.777
25.4424
25.4424
25.4424
25.4424
25.4424
25.4424
25.4424
1139.56
191.059
25.4424
2247.35
324.031
324.031
324.031
324.031
324.031
376.702
324.031
324.031
25.4424
25.4424
25.4424
-5.6968
-5.6968
25.4424
25.4424
60.4255
13.2119
25.4424
-23.7358
8.94922
50.6337
128.103
26.3211
11.326
26.3211
26.3211
333.203
117.61
65.2143
78.1175
25.4424
25.4424
117.964
25.4424
25.4424
25.4424
25.4424
25.4424
25.4424
64.935
64.935
64.935
64.935
64.935
64.935
64.935
64.935
64.935
64.935
64.935
251.965
-9.75779
-12.0005
25.4424
-76.5271
-12.0005
-12.0005
25.4424
107.109
11.1231
11.1231
11.1231
11.1231
11.1231
11.1231
11.1231
11.1231
11.1231
11.1231
11.1231
47.5844
14.7088
0.163637
-9.55614
-9.55614
12.8905
237.823
25.4424
88.9677
14.0804
14.0804
14.0804
14.0804
14.0804
14.0804
14.0804
14.0804
25.4424
25.4424
23.0213
12.5393
-9.75779
25.4424
25.4424
25.4424
-31.4399
-9.75779
-9.75779
13.7647
56.7579
8.04728
-10.1423
-6.73177
25.4424
25.4424
358.823
358.823
25.4424
252.792
252.792
252.792
252.792
252.792
265.502
252.792
252.792
252.792
252.792
13.7647
140.251
140.251
761.47
18.0152
-9.75779
0.73532
0.73532
0.73532
721.221
129.319
129.319
244.42
162.655
648.931
648.931
648.931
648.931
648.931
648.931
631.833
47.9478
76.2593
768.897
25.4424
25.4424
25.4424
25.4424
25.4424
25.4424
-9.74563
-13.0365
27.7438
-5.6968
-5.6968
-5.6968
82.861
82.861
82.861
-6.66857
25.4424
285.426
469.647
26.2313
77.5147
65.1046
83.0006
67.5356
67.5356
87.9291
44.3577
39.8414
111.317
315.587
115.464
-5.6968
-5.6968
52.0808
138.222
156.372
70.9696
238.387
46.1395
177.745
-11.3279
586.301
443.196
30.3721
-32.6011
-5.6968
39.8414
48.6203
18.3266
75.3452
50.6359
283.068
1.6672
-9.75779
16.2911
340.254
213.893
301.509
-5.6968
-5.6968
75.3618
13.2418
-4.85033
36.0618
32.0464
-9.54952
-5.6968
77.5147
13.1442
13.1442
-5.6968
57.0127
1.96078
1.96078
-3.97049
114.204
33.6209
47.1113
52.9606
52.9606
176.745
46.7722
46.7722
46.7722
31.3139
768.897
-16.8094
17.0157
-6.27743
-37.9973
17.9753
-9.75779
-31.4399
-9.75779
-5.6968
-5.6968
-4.36163
-5.6968
-5.6968
-5.6968
-5.6968
133.971
133.971
-5.6968
-5.6968
-38.0549
52.5196
-5.6968
-8.38273
-8.38273
-5.6968
-5.6968
-5.6968
-5.6968
99.7775
-5.6968
-5.8863
-35.1097
-7.05971
-5.6968
-5.6968
-5.6968
-5.6968
-5.6968
-5.6968


